10 10
   0.0    0.0    0.0    0.0    0.0    0.0    0.0    0.0    0.0    0.0
   0.0   52.3   91.6  117.7  130.8  130.8  117.7   91.6   52.3    0.0
   0.0   91.6  160.2  206.0  228.9  228.9  206.0  160.2   91.6    0.0
   0.0  117.7  206.0  264.9  294.3  294.3  264.9  206.0  117.7    0.0
   0.0  130.8  228.9  294.3  327.0  327.0  294.3  228.9  130.8    0.0
   0.0  130.8  228.9  294.3  327.0  327.0  294.3  228.9  130.8    0.0
   0.0  117.7  206.0  264.9  294.3  294.3  264.9  206.0  117.7    0.0
   0.0   91.6  160.2  206.0  228.9  228.9  206.0  160.2   91.6    0.0
   0.0   52.3   91.6  117.7  130.8  130.8  117.7   91.6   52.3    0.0
   0.0    0.0    0.0    0.0    0.0    0.0    0.0    0.0    0.0    0.0
