10 10
   0.0    0.0    0.0    0.0    0.0    0.0    0.0    0.0    0.0    0.0
   0.0   52.3   91.6  117.7  130.8  130.8  117.7   91.6   52.3    0.0
   0.0   91.6  160.2  206.0  228.9  228.9  206.0  160.2   91.6    0.0
   0.0  117.7  206.0  264.9  294.3  294.3  264.9  206.0  117.7    0.0
   0.0  130.8  228.9  294.3  327.0  327.0  294.3  228.9  130.8    0.0
   0.0  130.8  228.9  294.3  327.0  327.0  294.3  228.9  130.8    0.0
   0.0  117.7  206.0  264.9  294.3  294.3  264.9  206.0  117.7    0.0
   0.0   91.6  160.2  206.0  228.9  228.9  206.0  160.2   91.6    0.0
   0.0   52.3   91.6  117.7  130.8  130.8  117.7   91.6   52.3    0.0
   0.0    0.0    0.0    0.0    0.0    0.0    0.0    0.0    0.0    0.0

   0.0    0.0    0.0    0.0    0.0    0.0    0.0    0.0    0.0    0.0
   0.0   47.4   84.7  109.6  122.1  122.1  109.6   84.7   47.4    0.0
   0.0   84.7  151.2  195.6  217.9  217.9  195.6  151.2   84.7    0.0
   0.0  109.6  195.6  253.2  282.0  282.0  253.2  195.6  109.6    0.0
   0.0  122.1  217.9  282.0  314.0  314.0  282.0  217.9  122.1    0.0
   0.0  122.1  217.9  282.0  314.0  314.0  282.0  217.9  122.1    0.0
   0.0  109.6  195.6  253.2  282.0  282.0  253.2  195.6  109.6    0.0
   0.0   84.7  151.2  195.6  217.9  217.9  195.6  151.2   84.7    0.0
   0.0   47.4   84.7  109.6  122.1  122.1  109.6   84.7   47.4    0.0
   0.0    0.0    0.0    0.0    0.0    0.0    0.0    0.0    0.0    0.0

   0.0    0.0    0.0    0.0    0.0    0.0    0.0    0.0    0.0    0.0
   0.0   49.7   88.0  113.5  126.2  126.2  113.5   88.0   49.7    0.0
   0.0   88.0  155.7  200.8  223.4  223.4  200.8  155.7   88.0    0.0
   0.0  113.5  200.8  259.0  288.1  288.1  259.0  200.8  113.5    0.0
   0.0  126.2  223.4  288.1  320.5  320.5  288.1  223.4  126.2    0.0
   0.0  126.2  223.4  288.1  320.5  320.5  288.1  223.4  126.2    0.0
   0.0  113.5  200.8  259.0  288.1  288.1  259.0  200.8  113.5    0.0
   0.0   88.0  155.7  200.8  223.4  223.4  200.8  155.7   88.0    0.0
   0.0   49.7   88.0  113.5  126.2  126.2  113.5   88.0   49.7    0.0
   0.0    0.0    0.0    0.0    0.0    0.0    0.0    0.0    0.0    0.0

   0.0    0.0    0.0    0.0    0.0    0.0    0.0    0.0    0.0    0.0
   0.0   49.7   88.0  113.5  126.2  126.2  113.5   88.0   49.7    0.0
   0.0   88.0  155.7  200.8  223.4  223.4  200.8  155.7   88.0    0.0
   0.0  113.5  200.8  259.0  288.1  288.1  259.0  200.8  113.5    0.0
   0.0  126.2  223.4  288.1  320.5  320.5  288.1  223.4  126.2    0.0
   0.0  126.2  223.4  288.1  320.5  320.5  288.1  223.4  126.2    0.0
   0.0  113.5  200.8  259.0  288.1  288.1  259.0  200.8  113.5    0.0
   0.0   88.0  155.7  200.8  223.4  223.4  200.8  155.7   88.0    0.0
   0.0   49.7   88.0  113.5  126.2  126.2  113.5   88.0   49.7    0.0
   0.0    0.0    0.0    0.0    0.0    0.0    0.0    0.0    0.0    0.0

   0.0    0.0    0.0    0.0    0.0    0.0    0.0    0.0    0.0    0.0
   0.0   47.4   84.7  109.6  122.1  122.1  109.6   84.7   47.4    0.0
   0.0   84.7  151.2  195.6  217.9  217.9  195.6  151.2   84.7    0.0
   0.0  109.6  195.6  253.2  282.0  282.0  253.2  195.6  109.6    0.0
   0.0  122.1  217.9  282.0  314.0  314.0  282.0  217.9  122.1    0.0
   0.0  122.1  217.9  282.0  314.0  314.0  282.0  217.9  122.1    0.0
   0.0  109.6  195.6  253.2  282.0  282.0  253.2  195.6  109.6    0.0
   0.0   84.7  151.2  195.6  217.9  217.9  195.6  151.2   84.7    0.0
   0.0   47.4   84.7  109.6  122.1  122.1  109.6   84.7   47.4    0.0
   0.0    0.0    0.0    0.0    0.0    0.0    0.0    0.0    0.0    0.0

   0.0    0.0    0.0    0.0    0.0    0.0    0.0    0.0    0.0    0.0
   0.0   47.4   84.7  109.6  122.1  122.1  109.6   84.7   47.4    0.0
   0.0   84.7  151.2  195.6  217.9  217.9  195.6  151.2   84.7    0.0
   0.0  109.6  195.6  253.2  282.0  282.0  253.2  195.6  109.6    0.0
   0.0  122.1  217.9  282.0  314.0  314.0  282.0  217.9  122.1    0.0
   0.0  122.1  217.9  282.0  314.0  314.0  282.0  217.9  122.1    0.0
   0.0  109.6  195.6  253.2  282.0  282.0  253.2  195.6  109.6    0.0
   0.0   84.7  151.2  195.6  217.9  217.9  195.6  151.2   84.7    0.0
   0.0   47.4   84.7  109.6  122.1  122.1  109.6   84.7   47.4    0.0
   0.0    0.0    0.0    0.0    0.0    0.0    0.0    0.0    0.0    0.0
